5 8 2 0
0 1 0 1 -1
0 1
1 2
2 3
3 0
0 4
1 4
2 4
3 1

8 14 2 0
0 1 1 0 0 1 1 -1
0 1 1 1
0 2 2 1
1 2 2 1
1 3 1 1
2 1 1 1
2 4 1 3
3 5 1 6
3 6 2 1
4 6 1 1
4 5 2 2
5 6 1 1
5 7 1 1
6 5 2 1
6 7 1 3


4 6 2 0
1 0 0 -1
0 1
0 2
1 2
2 1
2 3
1 3

10 18 2 0
0 1 1 0 0 1 1 0 0 -1
0 1
0 2
1 2
2 1
1 3
2 4
3 4
4 3
3 5
4 6
5 6
6 5
5 7
6 8
7 8
8 7
8 9
7 9


10 16 2 0
0 1 1 0 0 1 1 0 0 -1
0 1
0 2
1 3
2 3
1 4
2 4
3 5
3 6
4 5
4 6
5 7
5 8
6 7
6 8
7 9
8 9


6 10 2 0
0 1 1 0 0 -1
0 1
0 2
2 1
1 2
1 3
2 4
4 5
3 5
3 4
4 3

8 14 2 0
0 1 1 0 0 1 1 -1 
0 1
0 2
1 2
1 3
2 1
2 4
3 5
3 6
4 6
4 5
5 6
5 7
6 5
6 7

6 10 2 0
0 1 1 0 0 -1
0 1 0 7000
0 2 0 11001
2 1 0 5000
1 2 0 13000
1 3 0 9000
2 4 0 12000
4 5 0 7000
3 5 0 2000
3 4 0 6000
4 3 0 4000

7 11 2 5
-1 1 1 0 1 0 1
1 2 0 51
1 0 0 89
2 3 0 22
2 0 0 45
3 4 0 90
3 0 0 2
4 0 0 85
5 6 0 84
5 1 0 80
6 2 0 3
6 3 0 3

8 14 2 0
0 1 1 0 0 1 1 -1 
0 1 1 1
0 2 2 1
1 2 2 1
1 3 1 1
2 1 1 1
2 4 1 3
3 5 1 6
3 6 2 1
4 6 1 1
4 5 2 2
5 6 1 1
5 7 1 1
6 5 2 1
6 7 1 3

6 9 2 4
-1 1 1 0 0 1
1 2 0 51
1 0 0 89
2 3 0 22
2 0 0 45
3 0 0 2
4 5 0 84
4 1 0 80
5 2 0 3
5 3 0 3



6 10 2 0
0 1 1 0 0 -1
0 1
0 2
1 2
2 1
1 3
2 4
3 4
4 3
3 5
4 5



8 16 2 0
0 1 1 0 0 1 1 -1
0 1 
0 2
1 2
2 1
1 3
2 4
1 4
2 3
3 5
4 6
3 6
4 5
6 5
5 6
6 7
5 7






5 3  87
5 2 127 87


101 87



10 14 2 7
-1 0 1 -1 1 0 -1 0 1 -1
1 0
1 5
2 1
2 3
4 2
4 5
4 3
5 6 
5 8
7 1
7 4
7 8
8 1
8 9






10 26 2 7
-1 1 0 1 0 1 0 0 1 0
1 2 1 1
1 0 8 10
2 3 1 1
2 0 7 4
3 4 1 1
3 0 9 1
4 5 1 1
4 0 10 11
5 6 1 1
5 0 2 12
6 1 1 1
6 0 1 9
7 8 1 1
7 1 7 1
7 2 7 1
7 3 9 1
7 4 11 1
7 5 12 1
7 6 13 1
8 9 1 6
8 0 12 13
8 4 9 1
8 6 11 4
9 0 10 4
9 1 1 2
9 2 5 1

7 9 2 0
0 1 1 1 -1 -1 -1
0 1 1 1
0 2 1 1
0 3 1 1
1 4 2 2
1 5 1 1
2 5 1 1
2 6 0 0
3 4 2 2
3 6 0 0

8 10 2 0
0 1 1 0 0 0 0 -1
0 1 2 2
0 2 2 2
1 3 3 2
1 4 2 3
2 5 2 3
2 6 3 2
3 7 3 2
4 7 2 3
5 7 2 3
6 7 3 2

7 6 2 0
0 1 1 -1 -1 -1 -1
0 1 0 0
0 2 0 0
1 3 0 0
1 4 0 0
2 5 0 0
2 6 0 0



10 26 2 7
-1 1 0 1 0 1 0 0 1 0
1 2 1 1
1 0 8 10
2 3 1 1
2 0 7 4
3 4 1 1
3 0 9 1
4 5 1 1
4 0 10 11
5 6 1 1
5 0 2 12
6 1 1 1
6 0 1 9
7 8 1 1
7 1 7 1
7 2 7 1
7 3 9 1
7 4 11 1
7 5 12 1
7 6 13 1
8 9 1 6
8 0 12 13
8 4 9 1
8 6 11 4
9 0 10 4
9 1 1 2
9 2 5 1



6 5 2 0
1 0 0 -1 -1 -1
0 1 1 1
0 2 1 1
1 3 0 0 
1 4 2 2
2 5 1 1







4 7 2 0
0 1 1 -1
0 1 -1 2
1 2 3 2
2 0 1 1
0 2 1 0
1 0 0 -1
2 1 0 0
2 3 0 0



10 14 3 7
-1 0 2 -1 1 2 -1 0 1 -1
1 0
1 5
2 1
2 3
4 2
4 5
4 3
5 6 
5 8
7 1
7 4
7 8
8 1
8 9

10 14 3 7
-1 0 2 -1 1 2 -1 0 1 -1
1 0 5 1 6
1 5 1 1 1
2 1 1 1 1
2 3 7 7 6
4 2 1 1 1
4 5 1 4 1
4 3 8 9 1
5 6 1 7 3 
5 8 1 1 1
7 1 6 1 1
7 4 1 1 1
7 8 4 1 1
8 1 1 1 1
8 9 6 4 1




10 14 2 7
-1 0 1 -1 1 0 -1 0 1 -1
1 0
1 5
2 1
2 3
4 2
4 5
4 3
5 6 
5 8
7 1
7 4
7 8
8 1
8 9

11 20 2 10
-1 1 0 1 0 1 0 -1 0 1 0
1 0
1 2
2 0
2 3
3 0
3 4
4 0
4 5
5 0
5 6
6 0
6 1
10 1
10 2
10 9
9 8
9 3
9 7
8 4
8 7



9 15 2 8
-1 1 0 1 0 1 0 1 0
1 0
1 2
2 0
2 3
3 0
3 4
4 0
4 5
5 0
5 6
6 0
6 1
7 6
8 7
8 3

10 14 2 7
-1 0 1 -1 1 0 -1 0 1 -1
1 0
1 5
2 1
2 3
4 2
4 5
4 3
5 6 
5 8
7 1
7 4
7 8
8 1
8 9

9 15 2 8
-1 1 0 1 0 1 0 1 0
1 2
1 0
2 3
2 0
3 4
3 0
4 5
4 0
5 6
5 0
6 7
6 0
7 1
7 0
8 7

9 16 2 8
-1 1 0 1 0 1 0 0 1
1 2
1 0
2 3
2 0
3 4
3 0
4 5
4 0
5 6
5 0
6 1
6 0
7 1
7 3
8 7
8 6

8 11 2 7
-1 1 0 1 0 1 0 1
1 2
1 0
2 3
2 0
3 4
3 0
4 5
5 6
6 1
7 1
7 3

9 16 2 8
-1 1 0 1 0 1 0 1 0
1 2
1 0
2 3
2 0
3 4
3 0
4 5
4 0
5 6
5 0
6 1
6 0
7 1
7 3
8 7
8 6

10 14 2 7
-1 0 1 -1 1 0 -1 0 1 -1
1 0
1 5
2 1
2 3
4 2
4 5
4 3
5 6 
5 8
7 1
7 4
7 8
8 1
8 9

4 4 2 0
0 1 0 -1
0 1
1 2
2 0
1 3





10 14 3 7
-1 0 2 -1 1 2 -1 0 1 -1
1 0 5 1 6
1 5 1 1 1
2 1 1 1 1
2 3 7 7 6
4 2 1 1 1
4 5 1 4 1
4 3 8 9 1
5 6 1 7 3 
5 8 1 1 1
7 1 6 1 1
7 4 1 1 1
7 8 4 1 1
8 1 1 1 1
8 9 6 4 1

10 14 3 7
-1 0 2 -1 1 2 -1 0 1 -1
1 0
1 5
2 1
2 3
4 2
4 5
4 3
5 6 
5 8
7 1
7 4
7 8
8 1
8 9




4 4 2 1
0 1 0 -1
0 1 1 5
1 2 5 1
2 0 7 5
2 3 2 9


15 28 2 14
-1 0 1 0 1 0 1 1 1 1 1 1 1 1 1
1 0
1 6
2 0
2 1
3 0
3 2
4 0
4 3
5 0
5 4
6 0
6 5
7 4
7 5
8 7
8 6
9 8
9 1
10 9
10 3
11 10
11 2
12 8
12 11
13 12
13 4
14 13
14 1
